shape_id,shape_pt_lat,shape_pt_lon,shape_pt_sequence
ML_1_O_Shape,19.737204,-99.027786,1
ML_1_O_Shape,19.738898,-99.02534,2
ML_1_O_Shape,19.749499,-99.012101,3
ML_1_O_Shape,19.748123,-99.010835,4
ML_1_O_Shape,19.753997,-99.003754,5
ML_1_O_Shape,19.762446,-98.993015,6
ML_1_O_Shape,19.762794,-98.992326,7
ML_1_O_Shape,19.758133,-98.975887,8
ML_1_O_Shape,19.750951,-98.974038,9
ML_1_O_Shape,19.749727,-98.976115,10
ML_1_O_Shape,19.749458,-98.976661,11
ML_1_O_Shape,19.749432,-98.978709,12
ML_1_O_Shape,19.749277,-98.978804,13
ML_1_O_Shape,19.749191,-98.978693,14
ML_1_O_Shape,19.749351,-98.977892,15
ML_1_O_Shape,19.749107,-98.976522,16
ML_1_O_Shape,19.748338,-98.974831,17
ML_1_O_Shape,19.744697,-98.972122,18
ML_1_O_Shape,19.737491,-98.972117,19
ML_1_O_Shape,19.726797,-98.970604,20
ML_1_O_Shape,19.725241,-98.970669,21
ML_1_O_Shape,19.716879,-98.9723,22
ML_1_O_Shape,19.713163,-98.974188,23
ML_1_O_Shape,19.711831,-98.974775,24
ML_1_O_Shape,19.699707,-98.980628,25
ML_1_O_Shape,19.698654,-98.981176,26
ML_1_O_Shape,19.695056,-98.98284,27
ML_1_O_Shape,19.687595,-98.989087,28
ML_1_O_Shape,19.686616,-98.989946,29
ML_1_O_Shape,19.686086,-98.990354,30
ML_1_O_Shape,19.684798,-98.991535,31
ML_1_O_Shape,19.683011,-98.993359,32
ML_1_O_Shape,19.681173,-98.995152,33
ML_1_O_Shape,19.680561,-98.995895,34
ML_1_O_Shape,19.678128,-98.999342,35
ML_1_O_Shape,19.676508,-99.000395,36
ML_1_O_Shape,19.675805,-99.00116,37
ML_1_O_Shape,19.675041,-99.001776,38
ML_1_O_Shape,19.673201,-99.002943,39
ML_1_O_Shape,19.67195,-99.003443,40
ML_1_O_Shape,19.670486,-99.003804,41
ML_1_O_Shape,19.668136,-99.003995,42
ML_1_O_Shape,19.659643,-99.004605,43
ML_1_O_Shape,19.658734,-99.00292,44
ML_1_O_Shape,19.661866,-99.002427,45
ML_1_O_Shape,19.661598,-99.000024,46
ML_1_O_Shape,19.660098,-99.000088,47
ML_1_O_Shape,19.658016,-99.000732,48
ML_1_O_Shape,19.658734,-99.00292,49
ML_1_O_Shape,19.659643,-99.004605,50
ML_1_O_Shape,19.647801,-99.005259,51
ML_1_O_Shape,19.645538,-99.004846,52
ML_1_O_Shape,19.63608,-99.00203,53
ML_1_O_Shape,19.632341,-99.002051,54
ML_1_O_Shape,19.630765,-99.001966,55
ML_1_O_Shape,19.629284,-99.002116,56
ML_1_O_Shape,19.627369,-99.00248,57
ML_1_O_Shape,19.625886,-99.002982,58
ML_1_O_Shape,19.624377,-99.003548,59
ML_1_O_Shape,19.621364,-99.004793,60
ML_1_O_Shape,19.620886,-99.005146,61
ML_1_O_Shape,19.620442,-99.00559,62
ML_1_O_Shape,19.617963,-99.009652,63
ML_1_O_Shape,19.617309,-99.0092,64
ML_1_O_Shape,19.617123,-99.009017,65
ML_1_O_Shape,19.616963,-99.00859,66
ML_1_O_Shape,19.616809,-99.008065,67
ML_1_O_Shape,19.616394,-99.007695,68
ML_1_O_Shape,19.615998,-99.007397,69
ML_1_O_Shape,19.615378,-99.006972,70
ML_1_O_Shape,19.61498,-99.00645,71
ML_1_O_Shape,19.605015,-99.013145,72
ML_1_O_Shape,19.603964,-99.014432,73
ML_1_O_Shape,19.603114,-99.015076,74
ML_1_O_Shape,19.602346,-99.015248,75
ML_1_O_Shape,19.600724,-99.016138,76
ML_1_O_Shape,19.597798,-99.018381,77
ML_1_O_Shape,19.596302,-99.019132,78
ML_1_O_Shape,19.585244,-99.026213,79
ML_1_O_Shape,19.584597,-99.026384,80
ML_1_O_Shape,19.579826,-99.024067,81
ML_1_O_Shape,19.5792,-99.024046,82
ML_1_O_Shape,19.578613,-99.024282,83
ML_1_O_Shape,19.577825,-99.024442,84
ML_1_O_Shape,19.57736,-99.024475,85
ML_1_O_Shape,19.57641,-99.025108,86
ML_1_O_Shape,19.576086,-99.025054,87
ML_1_O_Shape,19.575702,-99.024507,88
ML_1_O_Shape,19.574246,-99.022061,89
ML_1_O_Shape,19.572498,-99.020129,90
ML_1_O_Shape,19.570996,-99.01882,91
ML_1_O_Shape,19.570011,-99.017984,92
ML_1_O_Shape,19.568929,-99.016975,93
ML_1_O_Shape,19.566139,-99.014786,94
ML_1_O_Shape,19.565775,-99.01455,95
ML_1_O_Shape,19.565472,-99.014432,96
ML_1_O_Shape,19.565168,-99.0144,97
ML_1_O_Shape,19.564885,-99.014465,98
ML_1_O_Shape,19.564339,-99.014733,99
ML_1_O_Shape,19.562661,-99.015538,100
ML_1_O_Shape,19.561296,-99.01617,101
ML_1_O_Shape,19.557718,-99.017565,102
ML_1_O_Shape,19.556302,-99.01822,103
ML_1_O_Shape,19.555241,-99.018885,104
ML_1_O_Shape,19.553542,-99.019593,105
ML_1_O_Shape,19.55338,-99.019808,106
ML_1_O_Shape,19.552551,-99.020194,107
ML_1_O_Shape,19.550084,-99.021256,108
ML_1_O_Shape,19.546232,-99.022919,109
ML_1_O_Shape,19.542279,-99.024657,110
ML_1_O_Shape,19.539165,-99.025816,111
ML_1_O_Shape,19.533978,-99.028058,112
ML_1_O_Shape,19.532006,-99.02882,113
ML_1_O_Shape,19.531784,-99.02882,114
ML_1_O_Shape,19.531693,-99.028637,115
ML_1_O_Shape,19.531794,-99.02838,116
ML_1_O_Shape,19.532067,-99.028198,117
ML_1_O_Shape,19.533543,-99.027564,118
ML_1_O_Shape,19.5342,-99.027135,119
ML_1_O_Shape,19.534939,-99.026824,120
ML_1_O_Shape,19.535131,-99.02676,121
ML_1_O_Shape,19.535566,-99.026824,122
ML_1_O_Shape,19.539711,-99.024968,123
ML_1_O_Shape,19.545393,-99.022543,124
ML_1_O_Shape,19.548993,-99.020977,125
ML_1_O_Shape,19.553168,-99.01925,126
ML_1_O_Shape,19.55334,-99.01926,127
ML_1_O_Shape,19.553451,-99.019389,128
ML_1_O_Shape,19.553542,-99.019539,129
ML_2_O_Shape,19.590778,-99.023721,1
ML_2_O_Shape,19.590571,-99.023784,2
ML_2_O_Shape,19.589553,-99.024469,3
ML_2_O_Shape,19.589433,-99.02454,4
ML_2_O_Shape,19.589338,-99.024489,5
ML_2_O_Shape,19.58932,-99.024424,6
ML_2_O_Shape,19.589348,-99.024369,7
ML_2_O_Shape,19.589462,-99.024273,8
ML_2_O_Shape,19.590637,-99.023498,9
ML_2_O_Shape,19.590778,-99.023721,10
ML_2_O_Shape,19.591339,-99.024678,11
ML_2_O_Shape,19.59139,-99.024914,12
ML_2_O_Shape,19.59139,-99.025129,13
ML_2_O_Shape,19.591248,-99.025322,14
ML_2_O_Shape,19.589702,-99.02651,15
ML_2_O_Shape,19.589621,-99.026591,16
ML_2_O_Shape,19.58956,-99.02673,17
ML_2_O_Shape,19.589603,-99.026914,18
ML_2_O_Shape,19.589662,-99.027007,19
ML_2_O_Shape,19.595676,-99.030708,20
ML_2_O_Shape,19.598122,-99.032199,21
ML_2_O_Shape,19.599931,-99.033229,22
ML_2_O_Shape,19.601578,-99.033991,23
ML_2_O_Shape,19.601609,-99.034141,24
ML_2_O_Shape,19.601571,-99.034308,25
ML_2_O_Shape,19.601538,-99.034385,26
ML_2_O_Shape,19.598978,-99.035836,27
ML_2_O_Shape,19.598904,-99.035945,28
ML_2_O_Shape,19.598897,-99.036102,29
ML_2_O_Shape,19.598966,-99.036373,30
ML_2_O_Shape,19.599759,-99.037939,31
ML_2_O_Shape,19.601823,-99.041676,32
ML_2_O_Shape,19.604216,-99.0462,33
ML_2_O_Shape,19.610341,-99.057476,34
ML_2_O_Shape,19.611018,-99.05871,35
ML_2_O_Shape,19.611089,-99.05886,36
ML_2_O_Shape,19.611271,-99.059,37
ML_2_O_Shape,19.612221,-99.059772,38
ML_2_O_Shape,19.615,-99.061918,39
ML_2_O_Shape,19.616061,-99.063098,40
ML_2_O_Shape,19.616172,-99.063324,41
ML_2_O_Shape,19.618658,-99.067293,42
ML_2_O_Shape,19.62075,-99.070609,43
ML_2_O_Shape,19.624105,-99.07578,44
ML_2_O_Shape,19.628016,-99.082088,45
ML_2_O_Shape,19.62838,-99.082861,46
ML_2_O_Shape,19.628875,-99.08387,47
ML_2_O_Shape,19.630098,-99.08682,48
ML_2_O_Shape,19.631796,-99.091272,49
ML_2_O_Shape,19.634534,-99.098439,50
ML_2_O_Shape,19.634696,-99.099062,51
ML_2_O_Shape,19.634827,-99.09948,52
ML_2_O_Shape,19.634908,-99.10021,53
ML_2_O_Shape,19.635009,-99.100671,54
ML_2_O_Shape,19.635504,-99.104394,55
ML_2_O_Shape,19.636151,-99.109039,56
ML_2_O_Shape,19.636222,-99.109447,57
ML_2_O_Shape,19.63608,-99.110498,58
ML_2_O_Shape,19.634938,-99.113502,59
ML_2_O_Shape,19.632604,-99.119714,60
ML_2_O_Shape,19.631028,-99.123877,61
ML_2_O_Shape,19.630684,-99.124993,62
ML_2_O_Shape,19.630462,-99.125969,63
ML_2_O_Shape,19.630058,-99.128512,64
ML_2_O_Shape,19.628774,-99.13657,65
ML_2_O_Shape,19.628481,-99.138125,66
ML_2_O_Shape,19.628238,-99.139123,67
ML_2_O_Shape,19.627804,-99.140657,68
ML_2_O_Shape,19.625884,-99.148092,69
ML_2_O_Shape,19.62458,-99.153306,70
ML_2_O_Shape,19.623954,-99.155806,71
ML_2_O_Shape,19.621872,-99.163638,72
ML_2_O_Shape,19.619922,-99.171224,73
ML_2_O_Shape,19.61885,-99.17558,74
ML_2_O_Shape,19.618102,-99.177253,75
ML_2_O_Shape,19.617547,-99.17823,76
ML_2_O_Shape,19.616698,-99.179721,77
ML_2_O_Shape,19.616516,-99.180043,78
ML_2_O_Shape,19.616223,-99.180322,79
ML_2_O_Shape,19.61594,-99.18045,80
ML_2_O_Shape,19.615626,-99.180622,81
ML_2_O_Shape,19.614282,-99.180869,82
ML_2_O_Shape,19.60739,-99.182092,83
ML_2_O_Shape,19.603408,-99.182779,84
ML_2_O_Shape,19.599516,-99.183497,85
ML_2_O_Shape,19.598713,-99.183564,86
ML_2_O_Shape,19.598473,-99.183546,87
ML_2_O_Shape,19.598713,-99.183564,88
ML_2_O_Shape,19.598652,-99.183767,89
ML_2_O_Shape,19.598606,-99.184016,90
ML_2_O_Shape,19.598565,-99.184887,91
ML_2_O_Shape,19.598602,-99.184979,92
ML_2_O_Shape,19.598599,-99.185195,93
ML_2_O_Shape,19.598542,-99.18528,94
ML_2_O_Shape,19.598454,-99.185307,95
ML_2_O_Shape,19.598358,-99.185244,96
ML_2_O_Shape,19.598349,-99.18516,97
ML_2_O_Shape,19.598473,-99.183546,98
ML_2_O_Shape,19.594998,-99.183283,99
ML_2_O_Shape,19.594533,-99.183347,100
ML_2_O_Shape,19.59423,-99.18354,101
ML_2_O_Shape,19.593786,-99.183787,102
ML_2_O_Shape,19.593331,-99.184463,103
ML_2_O_Shape,19.59331,-99.184828,104
ML_2_O_Shape,19.593189,-99.185439,105
ML_2_O_Shape,19.592765,-99.186941,106
ML_2_O_Shape,19.592684,-99.187199,107
ML_2_O_Shape,19.592552,-99.18737,108
ML_2_O_Shape,19.591883,-99.188203,109
ML_2_O_Shape,19.591062,-99.189117,110
ML_3_O_Shape,19.417458,-99.071789,1
ML_3_O_Shape,19.417254,-99.07189,2
ML_3_O_Shape,19.416366,-99.072448,3
ML_3_O_Shape,19.416383,-99.072494,4
ML_3_O_Shape,19.416414,-99.072548,5
ML_3_O_Shape,19.416495,-99.072569,6
ML_3_O_Shape,19.417082,-99.072473,7
ML_3_O_Shape,19.417266,-99.072357,8
ML_3_O_Shape,19.417375,-99.072046,9
ML_3_O_Shape,19.41753,-99.071526,10
ML_3_O_Shape,19.419953,-99.069922,11
ML_3_O_Shape,19.420418,-99.069364,12
ML_3_O_Shape,19.420722,-99.068677,13
ML_3_O_Shape,19.420924,-99.065866,14
ML_3_O_Shape,19.420904,-99.05797,15
ML_3_O_Shape,19.421167,-99.057155,16
ML_3_O_Shape,19.421997,-99.056039,17
ML_3_O_Shape,19.422098,-99.055781,18
ML_3_O_Shape,19.417962,-99.04063,19
ML_3_O_Shape,19.417666,-99.039173,20
ML_3_O_Shape,19.40184,-99.006472,21
ML_3_O_Shape,19.407345,-99.003553,22
ML_3_O_Shape,19.41622,-98.998634,23
ML_3_O_Shape,19.416546,-98.998516,24
ML_3_O_Shape,19.415632,-98.995078,25
ML_3_O_Shape,19.414534,-98.990797,26
ML_3_O_Shape,19.414249,-98.991137,27
ML_3_O_Shape,19.415046,-98.994206,28
ML_3_O_Shape,19.415403,-98.994549,29
ML_3_O_Shape,19.415563,-98.995095,30
ML_3_O_Shape,19.415687,-98.995668,31
ML_3_O_Shape,19.415564,-98.996181,32
ML_3_O_Shape,19.41622,-98.998634,33
ML_3_O_Shape,19.416546,-98.998516,34
ML_3_O_Shape,19.415632,-98.995078,35
ML_3_O_Shape,19.414534,-98.990797,36
ML_3_O_Shape,19.414322,-98.989885,37
ML_3_O_Shape,19.413821,-98.987718,38
ML_3_O_Shape,19.412607,-98.982396,39
ML_3_O_Shape,19.412237,-98.980798,40
ML_3_O_Shape,19.412331,-98.98016,41
ML_3_O_Shape,19.412647,-98.979556,42
ML_3_O_Shape,19.413371,-98.979022,43
ML_3_O_Shape,19.412647,-98.979556,44
ML_3_O_Shape,19.412331,-98.98016,45
ML_3_O_Shape,19.412237,-98.980798,46
ML_3_O_Shape,19.412163,-98.980748,47
ML_3_O_Shape,19.411855,-98.979454,48
ML_3_O_Shape,19.413371,-98.979022,49
ML_3_O_Shape,19.414636,-98.978571,50
ML_3_O_Shape,19.416533,-98.977804,51
ML_3_O_Shape,19.417585,-98.976688,52
ML_3_O_Shape,19.421997,-98.971925,53
ML_3_O_Shape,19.423252,-98.970895,54
ML_3_O_Shape,19.42398,-98.970079,55
ML_3_O_Shape,19.424868,-98.967883,56
ML_3_O_Shape,19.42525,-98.967274,57
ML_3_O_Shape,19.428761,-98.962746,58
ML_3_O_Shape,19.431045,-98.959793,59
ML_3_O_Shape,19.431236,-98.959465,60
ML_3_O_Shape,19.431305,-98.959136,61
ML_3_O_Shape,19.431396,-98.957071,62
ML_3_O_Shape,19.431392,-98.95213,63
ML_3_O_Shape,19.431371,-98.947206,64
ML_3_O_Shape,19.43126,-98.946326,65
ML_3_O_Shape,19.430112,-98.941914,66
ML_3_O_Shape,19.429838,-98.940614,67
ML_3_O_Shape,19.429661,-98.939946,68
ML_3_O_Shape,19.429704,-98.939362,69
ML_3_O_Shape,19.429694,-98.9388,70
ML_3_O_Shape,19.429666,-98.93631,71
ML_3_O_Shape,19.42951,-98.936112,72
ML_3_O_Shape,19.429202,-98.936032,73
ML_3_O_Shape,19.424882,-98.936085,74
ML_3_O_Shape,19.424638,-98.936962,75
ML_3_O_Shape,19.423377,-98.937087,76
ML_3_O_Shape,19.423391,-98.937272,77
ML_3_O_Shape,19.424557,-98.937177,78
ML_3_O_Shape,19.423616,-98.940425,79
ML_3_O_Shape,19.429428,-98.93991,80
ML_3_O_Shape,19.429556,-98.940023,81
ML_3_O_Shape,19.429664,-98.940366,82
ML_3_O_Shape,19.429871,-98.94133,83
ML_3_O_Shape,19.430112,-98.941914,84
ML_4_O_Shape,19.635914,-99.047343,1
ML_4_O_Shape,19.637152,-99.048182,2
ML_4_O_Shape,19.637154,-99.048352,3
ML_4_O_Shape,19.637026,-99.048405,4
ML_4_O_Shape,19.636202,-99.047984,5
ML_4_O_Shape,19.635965,-99.047772,6
ML_4_O_Shape,19.634706,-99.039327,7
ML_4_O_Shape,19.633345,-99.030335,8
ML_4_O_Shape,19.632677,-99.025931,9
ML_4_O_Shape,19.632051,-99.021666,10
ML_4_O_Shape,19.631237,-99.01628,11
ML_4_O_Shape,19.630984,-99.014574,12
ML_4_O_Shape,19.630717,-99.012128,13
ML_4_O_Shape,19.630434,-99.009344,14
ML_4_O_Shape,19.630146,-99.007659,15
ML_4_O_Shape,19.63003,-99.006817,16
ML_4_O_Shape,19.629898,-99.00612,17
ML_4_O_Shape,19.629812,-99.00583,18
ML_4_O_Shape,19.629696,-99.004704,19
ML_4_O_Shape,19.629519,-99.003126,20
ML_4_O_Shape,19.629322,-99.002252,21
ML_4_O_Shape,19.627437,-99.002628,22
ML_4_O_Shape,19.623244,-99.004119,23
ML_4_O_Shape,19.621397,-99.004918,24
ML_4_O_Shape,19.620967,-99.00521,25
ML_4_O_Shape,19.620512,-99.005664,26
ML_4_O_Shape,19.618097,-99.00962,27
ML_4_O_Shape,19.618024,-99.009694,28
ML_4_O_Shape,19.617935,-99.00973,29
ML_4_O_Shape,19.617294,-99.009272,30
ML_4_O_Shape,19.617034,-99.009038,31
ML_4_O_Shape,19.6169,-99.008845,32
ML_4_O_Shape,19.616806,-99.00852,33
ML_4_O_Shape,19.616723,-99.008216,34
ML_4_O_Shape,19.616127,-99.007683,35
ML_4_O_Shape,19.616051,-99.007544,36
ML_4_O_Shape,19.616091,-99.00747,37
ML_4_O_Shape,19.616152,-99.007466,38
ML_4_O_Shape,19.616314,-99.007558,39
ML_4_O_Shape,19.616893,-99.008108,40
ML_4_O_Shape,19.616999,-99.008461,41
ML_4_O_Shape,19.617294,-99.009272,42
ML_4_O_Shape,19.617935,-99.00973,43
ML_4_O_Shape,19.617895,-99.009969,44
ML_4_O_Shape,19.617784,-99.010234,45
ML_4_O_Shape,19.614436,-99.015827,46
ML_4_O_Shape,19.614313,-99.016191,47
ML_4_O_Shape,19.614244,-99.016419,48
ML_4_O_Shape,19.613272,-99.018038,49
ML_4_O_Shape,19.612309,-99.019813,50
ML_4_O_Shape,19.60953,-99.024924,51
ML_4_O_Shape,19.606458,-99.030421,52
ML_4_O_Shape,19.605684,-99.03177,53
ML_4_O_Shape,19.605581,-99.031866,54
ML_4_O_Shape,19.60524,-99.032156,55
ML_4_O_Shape,19.604634,-99.032714,56
ML_4_O_Shape,19.601773,-99.034339,57
ML_4_O_Shape,19.598711,-99.036099,58
ML_4_O_Shape,19.597976,-99.03641,59
ML_4_O_Shape,19.595184,-99.037703,60
ML_4_O_Shape,19.591322,-99.039484,61
ML_4_O_Shape,19.588179,-99.040868,62
ML_4_O_Shape,19.587613,-99.040997,63
ML_4_O_Shape,19.581669,-99.041812,64
ML_4_O_Shape,19.571115,-99.043266,65
ML_4_O_Shape,19.569839,-99.043545,66
ML_4_O_Shape,19.56873,-99.043969,67
ML_4_O_Shape,19.566031,-99.045128,68
ML_4_O_Shape,19.564201,-99.045975,69
ML_4_O_Shape,19.562179,-99.046823,70
ML_4_O_Shape,19.557111,-99.049441,71
ML_4_O_Shape,19.553974,-99.050989,72
ML_4_O_Shape,19.552157,-99.051708,73
ML_4_O_Shape,19.548314,-99.052649,74
ML_4_O_Shape,19.546364,-99.053153,75
ML_4_O_Shape,19.54573,-99.053487,76
ML_4_O_Shape,19.542054,-99.056557,77
ML_4_O_Shape,19.538255,-99.059708,78
ML_4_O_Shape,19.537679,-99.060427,79
ML_4_O_Shape,19.534696,-99.065459,80
ML_4_O_Shape,19.53369,-99.067141,81
ML_4_O_Shape,19.533442,-99.067712,82
ML_4_O_Shape,19.533233,-99.068406,83
ML_4_O_Shape,19.53274,-99.071261,84
ML_4_O_Shape,19.532593,-99.071817,85
ML_4_O_Shape,19.53232,-99.072508,86
ML_4_O_Shape,19.532037,-99.073151,87
ML_4_O_Shape,19.527042,-99.082268,88
ML_4_O_Shape,19.525339,-99.085331,89
ML_4_O_Shape,19.525208,-99.08564,90
ML_4_O_Shape,19.525153,-99.085997,91
ML_4_O_Shape,19.52512,-99.086647,92
ML_4_O_Shape,19.525112,-99.087057,93
ML_4_O_Shape,19.525068,-99.087248,94
ML_4_O_Shape,19.524958,-99.087492,95
ML_4_O_Shape,19.524723,-99.087902,96
ML_4_O_Shape,19.524278,-99.088333,97
ML_4_O_Shape,19.523856,-99.088612,98
ML_4_O_Shape,19.523548,-99.088842,99
ML_4_O_Shape,19.52326,-99.08918,100
ML_4_O_Shape,19.522451,-99.090103,101
ML_4_O_Shape,19.521786,-99.091227,102
ML_4_O_Shape,19.521688,-99.091625,103
ML_4_O_Shape,19.521369,-99.092195,104
ML_4_O_Shape,19.520792,-99.093171,105
ML_4_O_Shape,19.520599,-99.093677,106
ML_4_O_Shape,19.520512,-99.094547,107
ML_4_O_Shape,19.520486,-99.095621,108
ML_4_O_Shape,19.520451,-99.096001,109
ML_4_O_Shape,19.520346,-99.096402,110
ML_4_O_Shape,19.519981,-99.097141,111
ML_4_O_Shape,19.519427,-99.097723,112
ML_4_O_Shape,19.518567,-99.09841,113
ML_4_O_Shape,19.516335,-99.100186,114
ML_4_O_Shape,19.512338,-99.102656,115
ML_4_O_Shape,19.511983,-99.102872,116
ML_4_O_Shape,19.511659,-99.103146,117
ML_4_O_Shape,19.511097,-99.103858,118
ML_4_O_Shape,19.510616,-99.104826,119
ML_4_O_Shape,19.510272,-99.105604,120
ML_4_O_Shape,19.509794,-99.106281,121
ML_4_O_Shape,19.508703,-99.107049,122
ML_4_O_Shape,19.507242,-99.108004,123
ML_4_O_Shape,19.506862,-99.108275,124
ML_4_O_Shape,19.50647,-99.108684,125
ML_4_O_Shape,19.506178,-99.10913,126
ML_4_O_Shape,19.50529,-99.110799,127
ML_4_O_Shape,19.503518,-99.114438,128
ML_4_O_Shape,19.502228,-99.116864,129
ML_4_O_Shape,19.50163,-99.117546,130
ML_4_O_Shape,19.50087,-99.118057,131
ML_4_O_Shape,19.500479,-99.118356,132
ML_4_O_Shape,19.49936,-99.118698,133
ML_4_O_Shape,19.494862,-99.119945,134
ML_4_O_Shape,19.494439,-99.12028,135
ML_4_O_Shape,19.493216,-99.120471,136
ML_4_O_Shape,19.492958,-99.120319,137
ML_4_O_Shape,19.492862,-99.120104,138
ML_4_O_Shape,19.492937,-99.119771,139
ML_4_O_Shape,19.493153,-99.119545,140
ML_4_O_Shape,19.494309,-99.119276,141
ML_4_O_Shape,19.497711,-99.118708,142
ML_4_O_Shape,19.498089,-99.118363,143
ML_4_O_Shape,19.498548,-99.118058,144
ML_4_O_Shape,19.500949,-99.117538,145
ML_4_O_Shape,19.50163,-99.117546,146
ML_1_R_Shape,19.553542,-99.019539,1
ML_1_R_Shape,19.553451,-99.019389,2
ML_1_R_Shape,19.55334,-99.01926,3
ML_1_R_Shape,19.553168,-99.01925,4
ML_1_R_Shape,19.548993,-99.020977,5
ML_1_R_Shape,19.545393,-99.022543,6
ML_1_R_Shape,19.539711,-99.024968,7
ML_1_R_Shape,19.535566,-99.026824,8
ML_1_R_Shape,19.535131,-99.02676,9
ML_1_R_Shape,19.534939,-99.026824,10
ML_1_R_Shape,19.5342,-99.027135,11
ML_1_R_Shape,19.533543,-99.027564,12
ML_1_R_Shape,19.532067,-99.028198,13
ML_1_R_Shape,19.531794,-99.02838,14
ML_1_R_Shape,19.531693,-99.028637,15
ML_1_R_Shape,19.531784,-99.02882,16
ML_1_R_Shape,19.532006,-99.02882,17
ML_1_R_Shape,19.533978,-99.028058,18
ML_1_R_Shape,19.539165,-99.025816,19
ML_1_R_Shape,19.542279,-99.024657,20
ML_1_R_Shape,19.546232,-99.022919,21
ML_1_R_Shape,19.550084,-99.021256,22
ML_1_R_Shape,19.552551,-99.020194,23
ML_1_R_Shape,19.55338,-99.019808,24
ML_1_R_Shape,19.553542,-99.019593,25
ML_1_R_Shape,19.555241,-99.018885,26
ML_1_R_Shape,19.556302,-99.01822,27
ML_1_R_Shape,19.557718,-99.017565,28
ML_1_R_Shape,19.561296,-99.01617,29
ML_1_R_Shape,19.562661,-99.015538,30
ML_1_R_Shape,19.564339,-99.014733,31
ML_1_R_Shape,19.564885,-99.014465,32
ML_1_R_Shape,19.565168,-99.0144,33
ML_1_R_Shape,19.565472,-99.014432,34
ML_1_R_Shape,19.565775,-99.01455,35
ML_1_R_Shape,19.566139,-99.014786,36
ML_1_R_Shape,19.568929,-99.016975,37
ML_1_R_Shape,19.570011,-99.017984,38
ML_1_R_Shape,19.570996,-99.01882,39
ML_1_R_Shape,19.572498,-99.020129,40
ML_1_R_Shape,19.574246,-99.022061,41
ML_1_R_Shape,19.575702,-99.024507,42
ML_1_R_Shape,19.576086,-99.025054,43
ML_1_R_Shape,19.57641,-99.025108,44
ML_1_R_Shape,19.57736,-99.024475,45
ML_1_R_Shape,19.577825,-99.024442,46
ML_1_R_Shape,19.578613,-99.024282,47
ML_1_R_Shape,19.5792,-99.024046,48
ML_1_R_Shape,19.579826,-99.024067,49
ML_1_R_Shape,19.584597,-99.026384,50
ML_1_R_Shape,19.585244,-99.026213,51
ML_1_R_Shape,19.596302,-99.019132,52
ML_1_R_Shape,19.597798,-99.018381,53
ML_1_R_Shape,19.600724,-99.016138,54
ML_1_R_Shape,19.602346,-99.015248,55
ML_1_R_Shape,19.603114,-99.015076,56
ML_1_R_Shape,19.603964,-99.014432,57
ML_1_R_Shape,19.605015,-99.013145,58
ML_1_R_Shape,19.61498,-99.00645,59
ML_1_R_Shape,19.615378,-99.006972,60
ML_1_R_Shape,19.615998,-99.007397,61
ML_1_R_Shape,19.616394,-99.007695,62
ML_1_R_Shape,19.616809,-99.008065,63
ML_1_R_Shape,19.616963,-99.00859,64
ML_1_R_Shape,19.617123,-99.009017,65
ML_1_R_Shape,19.617309,-99.0092,66
ML_1_R_Shape,19.617963,-99.009652,67
ML_1_R_Shape,19.620442,-99.00559,68
ML_1_R_Shape,19.620886,-99.005146,69
ML_1_R_Shape,19.621364,-99.004793,70
ML_1_R_Shape,19.624377,-99.003548,71
ML_1_R_Shape,19.625886,-99.002982,72
ML_1_R_Shape,19.627369,-99.00248,73
ML_1_R_Shape,19.629284,-99.002116,74
ML_1_R_Shape,19.630765,-99.001966,75
ML_1_R_Shape,19.632341,-99.002051,76
ML_1_R_Shape,19.63608,-99.00203,77
ML_1_R_Shape,19.645538,-99.004846,78
ML_1_R_Shape,19.647801,-99.005259,79
ML_1_R_Shape,19.659643,-99.004605,80
ML_1_R_Shape,19.658734,-99.00292,81
ML_1_R_Shape,19.658016,-99.000732,82
ML_1_R_Shape,19.660098,-99.000088,83
ML_1_R_Shape,19.661598,-99.000024,84
ML_1_R_Shape,19.661866,-99.002427,85
ML_1_R_Shape,19.658734,-99.00292,86
ML_1_R_Shape,19.659643,-99.004605,87
ML_1_R_Shape,19.668136,-99.003995,88
ML_1_R_Shape,19.670486,-99.003804,89
ML_1_R_Shape,19.67195,-99.003443,90
ML_1_R_Shape,19.673201,-99.002943,91
ML_1_R_Shape,19.675041,-99.001776,92
ML_1_R_Shape,19.675805,-99.00116,93
ML_1_R_Shape,19.676508,-99.000395,94
ML_1_R_Shape,19.678128,-98.999342,95
ML_1_R_Shape,19.680561,-98.995895,96
ML_1_R_Shape,19.681173,-98.995152,97
ML_1_R_Shape,19.683011,-98.993359,98
ML_1_R_Shape,19.684798,-98.991535,99
ML_1_R_Shape,19.686086,-98.990354,100
ML_1_R_Shape,19.686616,-98.989946,101
ML_1_R_Shape,19.687595,-98.989087,102
ML_1_R_Shape,19.695056,-98.98284,103
ML_1_R_Shape,19.698654,-98.981176,104
ML_1_R_Shape,19.699707,-98.980628,105
ML_1_R_Shape,19.711831,-98.974775,106
ML_1_R_Shape,19.713163,-98.974188,107
ML_1_R_Shape,19.716879,-98.9723,108
ML_1_R_Shape,19.725241,-98.970669,109
ML_1_R_Shape,19.726797,-98.970604,110
ML_1_R_Shape,19.737491,-98.972117,111
ML_1_R_Shape,19.744697,-98.972122,112
ML_1_R_Shape,19.748338,-98.974831,113
ML_1_R_Shape,19.749107,-98.976522,114
ML_1_R_Shape,19.749351,-98.977892,115
ML_1_R_Shape,19.749191,-98.978693,116
ML_1_R_Shape,19.749277,-98.978804,117
ML_1_R_Shape,19.749432,-98.978709,118
ML_1_R_Shape,19.749458,-98.976661,119
ML_1_R_Shape,19.749727,-98.976115,120
ML_1_R_Shape,19.750951,-98.974038,121
ML_1_R_Shape,19.758133,-98.975887,122
ML_1_R_Shape,19.762794,-98.992326,123
ML_1_R_Shape,19.762446,-98.993015,124
ML_1_R_Shape,19.753997,-99.003754,125
ML_1_R_Shape,19.748123,-99.010835,126
ML_1_R_Shape,19.749499,-99.012101,127
ML_1_R_Shape,19.738898,-99.02534,128
ML_1_R_Shape,19.737204,-99.027786,129
ML_2_R_Shape,19.591062,-99.189117,1
ML_2_R_Shape,19.591883,-99.188203,2
ML_2_R_Shape,19.592552,-99.18737,3
ML_2_R_Shape,19.592684,-99.187199,4
ML_2_R_Shape,19.592765,-99.186941,5
ML_2_R_Shape,19.593189,-99.185439,6
ML_2_R_Shape,19.59331,-99.184828,7
ML_2_R_Shape,19.593331,-99.184463,8
ML_2_R_Shape,19.593786,-99.183787,9
ML_2_R_Shape,19.59423,-99.18354,10
ML_2_R_Shape,19.594533,-99.183347,11
ML_2_R_Shape,19.594998,-99.183283,12
ML_2_R_Shape,19.598473,-99.183546,13
ML_2_R_Shape,19.598349,-99.18516,14
ML_2_R_Shape,19.598358,-99.185244,15
ML_2_R_Shape,19.598454,-99.185307,16
ML_2_R_Shape,19.598542,-99.18528,17
ML_2_R_Shape,19.598599,-99.185195,18
ML_2_R_Shape,19.598602,-99.184979,19
ML_2_R_Shape,19.598565,-99.184887,20
ML_2_R_Shape,19.598606,-99.184016,21
ML_2_R_Shape,19.598652,-99.183767,22
ML_2_R_Shape,19.598713,-99.183564,23
ML_2_R_Shape,19.598473,-99.183546,24
ML_2_R_Shape,19.598713,-99.183564,25
ML_2_R_Shape,19.599516,-99.183497,26
ML_2_R_Shape,19.603408,-99.182779,27
ML_2_R_Shape,19.60739,-99.182092,28
ML_2_R_Shape,19.614282,-99.180869,29
ML_2_R_Shape,19.615626,-99.180622,30
ML_2_R_Shape,19.61594,-99.18045,31
ML_2_R_Shape,19.616223,-99.180322,32
ML_2_R_Shape,19.616516,-99.180043,33
ML_2_R_Shape,19.616698,-99.179721,34
ML_2_R_Shape,19.617547,-99.17823,35
ML_2_R_Shape,19.618102,-99.177253,36
ML_2_R_Shape,19.61885,-99.17558,37
ML_2_R_Shape,19.619922,-99.171224,38
ML_2_R_Shape,19.621872,-99.163638,39
ML_2_R_Shape,19.623954,-99.155806,40
ML_2_R_Shape,19.62458,-99.153306,41
ML_2_R_Shape,19.625884,-99.148092,42
ML_2_R_Shape,19.627804,-99.140657,43
ML_2_R_Shape,19.628238,-99.139123,44
ML_2_R_Shape,19.628481,-99.138125,45
ML_2_R_Shape,19.628774,-99.13657,46
ML_2_R_Shape,19.630058,-99.128512,47
ML_2_R_Shape,19.630462,-99.125969,48
ML_2_R_Shape,19.630684,-99.124993,49
ML_2_R_Shape,19.631028,-99.123877,50
ML_2_R_Shape,19.632604,-99.119714,51
ML_2_R_Shape,19.634938,-99.113502,52
ML_2_R_Shape,19.63608,-99.110498,53
ML_2_R_Shape,19.636222,-99.109447,54
ML_2_R_Shape,19.636151,-99.109039,55
ML_2_R_Shape,19.635504,-99.104394,56
ML_2_R_Shape,19.635009,-99.100671,57
ML_2_R_Shape,19.634908,-99.10021,58
ML_2_R_Shape,19.634827,-99.09948,59
ML_2_R_Shape,19.634696,-99.099062,60
ML_2_R_Shape,19.634534,-99.098439,61
ML_2_R_Shape,19.631796,-99.091272,62
ML_2_R_Shape,19.630098,-99.08682,63
ML_2_R_Shape,19.628875,-99.08387,64
ML_2_R_Shape,19.62838,-99.082861,65
ML_2_R_Shape,19.628016,-99.082088,66
ML_2_R_Shape,19.624105,-99.07578,67
ML_2_R_Shape,19.62075,-99.070609,68
ML_2_R_Shape,19.618658,-99.067293,69
ML_2_R_Shape,19.616172,-99.063324,70
ML_2_R_Shape,19.616061,-99.063098,71
ML_2_R_Shape,19.615,-99.061918,72
ML_2_R_Shape,19.612221,-99.059772,73
ML_2_R_Shape,19.611271,-99.059,74
ML_2_R_Shape,19.611089,-99.05886,75
ML_2_R_Shape,19.611018,-99.05871,76
ML_2_R_Shape,19.610341,-99.057476,77
ML_2_R_Shape,19.604216,-99.0462,78
ML_2_R_Shape,19.601823,-99.041676,79
ML_2_R_Shape,19.599759,-99.037939,80
ML_2_R_Shape,19.598966,-99.036373,81
ML_2_R_Shape,19.598897,-99.036102,82
ML_2_R_Shape,19.598904,-99.035945,83
ML_2_R_Shape,19.598978,-99.035836,84
ML_2_R_Shape,19.601538,-99.034385,85
ML_2_R_Shape,19.601571,-99.034308,86
ML_2_R_Shape,19.601609,-99.034141,87
ML_2_R_Shape,19.601578,-99.033991,88
ML_2_R_Shape,19.599931,-99.033229,89
ML_2_R_Shape,19.598122,-99.032199,90
ML_2_R_Shape,19.595676,-99.030708,91
ML_2_R_Shape,19.589662,-99.027007,92
ML_2_R_Shape,19.589603,-99.026914,93
ML_2_R_Shape,19.58956,-99.02673,94
ML_2_R_Shape,19.589621,-99.026591,95
ML_2_R_Shape,19.589702,-99.02651,96
ML_2_R_Shape,19.591248,-99.025322,97
ML_2_R_Shape,19.59139,-99.025129,98
ML_2_R_Shape,19.59139,-99.024914,99
ML_2_R_Shape,19.591339,-99.024678,100
ML_2_R_Shape,19.590778,-99.023721,101
ML_2_R_Shape,19.590637,-99.023498,102
ML_2_R_Shape,19.589462,-99.024273,103
ML_2_R_Shape,19.589348,-99.024369,104
ML_2_R_Shape,19.58932,-99.024424,105
ML_2_R_Shape,19.589338,-99.024489,106
ML_2_R_Shape,19.589433,-99.02454,107
ML_2_R_Shape,19.589553,-99.024469,108
ML_2_R_Shape,19.590571,-99.023784,109
ML_2_R_Shape,19.590778,-99.023721,110
ML_3_R_Shape,19.430112,-98.941914,1
ML_3_R_Shape,19.429871,-98.94133,2
ML_3_R_Shape,19.429664,-98.940366,3
ML_3_R_Shape,19.429556,-98.940023,4
ML_3_R_Shape,19.429428,-98.93991,5
ML_3_R_Shape,19.423616,-98.940425,6
ML_3_R_Shape,19.424557,-98.937177,7
ML_3_R_Shape,19.423391,-98.937272,8
ML_3_R_Shape,19.423377,-98.937087,9
ML_3_R_Shape,19.424638,-98.936962,10
ML_3_R_Shape,19.424882,-98.936085,11
ML_3_R_Shape,19.429202,-98.936032,12
ML_3_R_Shape,19.42951,-98.936112,13
ML_3_R_Shape,19.429666,-98.93631,14
ML_3_R_Shape,19.429694,-98.9388,15
ML_3_R_Shape,19.429704,-98.939362,16
ML_3_R_Shape,19.429661,-98.939946,17
ML_3_R_Shape,19.429838,-98.940614,18
ML_3_R_Shape,19.430112,-98.941914,19
ML_3_R_Shape,19.43126,-98.946326,20
ML_3_R_Shape,19.431371,-98.947206,21
ML_3_R_Shape,19.431392,-98.95213,22
ML_3_R_Shape,19.431396,-98.957071,23
ML_3_R_Shape,19.431305,-98.959136,24
ML_3_R_Shape,19.431236,-98.959465,25
ML_3_R_Shape,19.431045,-98.959793,26
ML_3_R_Shape,19.428761,-98.962746,27
ML_3_R_Shape,19.42525,-98.967274,28
ML_3_R_Shape,19.424868,-98.967883,29
ML_3_R_Shape,19.42398,-98.970079,30
ML_3_R_Shape,19.423252,-98.970895,31
ML_3_R_Shape,19.421997,-98.971925,32
ML_3_R_Shape,19.417585,-98.976688,33
ML_3_R_Shape,19.416533,-98.977804,34
ML_3_R_Shape,19.414636,-98.978571,35
ML_3_R_Shape,19.413371,-98.979022,36
ML_3_R_Shape,19.411855,-98.979454,37
ML_3_R_Shape,19.412163,-98.980748,38
ML_3_R_Shape,19.412237,-98.980798,39
ML_3_R_Shape,19.412331,-98.98016,40
ML_3_R_Shape,19.412647,-98.979556,41
ML_3_R_Shape,19.413371,-98.979022,42
ML_3_R_Shape,19.412647,-98.979556,43
ML_3_R_Shape,19.412331,-98.98016,44
ML_3_R_Shape,19.412237,-98.980798,45
ML_3_R_Shape,19.412607,-98.982396,46
ML_3_R_Shape,19.413821,-98.987718,47
ML_3_R_Shape,19.414322,-98.989885,48
ML_3_R_Shape,19.414534,-98.990797,49
ML_3_R_Shape,19.415632,-98.995078,50
ML_3_R_Shape,19.416546,-98.998516,51
ML_3_R_Shape,19.41622,-98.998634,52
ML_3_R_Shape,19.415564,-98.996181,53
ML_3_R_Shape,19.415687,-98.995668,54
ML_3_R_Shape,19.415563,-98.995095,55
ML_3_R_Shape,19.415403,-98.994549,56
ML_3_R_Shape,19.415046,-98.994206,57
ML_3_R_Shape,19.414249,-98.991137,58
ML_3_R_Shape,19.414534,-98.990797,59
ML_3_R_Shape,19.415632,-98.995078,60
ML_3_R_Shape,19.416546,-98.998516,61
ML_3_R_Shape,19.41622,-98.998634,62
ML_3_R_Shape,19.407345,-99.003553,63
ML_3_R_Shape,19.40184,-99.006472,64
ML_3_R_Shape,19.417666,-99.039173,65
ML_3_R_Shape,19.417962,-99.04063,66
ML_3_R_Shape,19.422098,-99.055781,67
ML_3_R_Shape,19.421997,-99.056039,68
ML_3_R_Shape,19.421167,-99.057155,69
ML_3_R_Shape,19.420904,-99.05797,70
ML_3_R_Shape,19.420924,-99.065866,71
ML_3_R_Shape,19.420722,-99.068677,72
ML_3_R_Shape,19.420418,-99.069364,73
ML_3_R_Shape,19.419953,-99.069922,74
ML_3_R_Shape,19.41753,-99.071526,75
ML_3_R_Shape,19.417375,-99.072046,76
ML_3_R_Shape,19.417266,-99.072357,77
ML_3_R_Shape,19.417082,-99.072473,78
ML_3_R_Shape,19.416495,-99.072569,79
ML_3_R_Shape,19.416414,-99.072548,80
ML_3_R_Shape,19.416383,-99.072494,81
ML_3_R_Shape,19.416366,-99.072448,82
ML_3_R_Shape,19.417254,-99.07189,83
ML_3_R_Shape,19.417458,-99.071789,84
ML_4_R_Shape,19.50163,-99.117546,1
ML_4_R_Shape,19.500949,-99.117538,2
ML_4_R_Shape,19.498548,-99.118058,3
ML_4_R_Shape,19.498089,-99.118363,4
ML_4_R_Shape,19.497711,-99.118708,5
ML_4_R_Shape,19.494309,-99.119276,6
ML_4_R_Shape,19.493153,-99.119545,7
ML_4_R_Shape,19.492937,-99.119771,8
ML_4_R_Shape,19.492862,-99.120104,9
ML_4_R_Shape,19.492958,-99.120319,10
ML_4_R_Shape,19.493216,-99.120471,11
ML_4_R_Shape,19.494439,-99.12028,12
ML_4_R_Shape,19.494862,-99.119945,13
ML_4_R_Shape,19.49936,-99.118698,14
ML_4_R_Shape,19.500479,-99.118356,15
ML_4_R_Shape,19.50087,-99.118057,16
ML_4_R_Shape,19.50163,-99.117546,17
ML_4_R_Shape,19.502228,-99.116864,18
ML_4_R_Shape,19.503518,-99.114438,19
ML_4_R_Shape,19.50529,-99.110799,20
ML_4_R_Shape,19.506178,-99.10913,21
ML_4_R_Shape,19.50647,-99.108684,22
ML_4_R_Shape,19.506862,-99.108275,23
ML_4_R_Shape,19.507242,-99.108004,24
ML_4_R_Shape,19.508703,-99.107049,25
ML_4_R_Shape,19.509794,-99.106281,26
ML_4_R_Shape,19.510272,-99.105604,27
ML_4_R_Shape,19.510616,-99.104826,28
ML_4_R_Shape,19.511097,-99.103858,29
ML_4_R_Shape,19.511659,-99.103146,30
ML_4_R_Shape,19.511983,-99.102872,31
ML_4_R_Shape,19.512338,-99.102656,32
ML_4_R_Shape,19.516335,-99.100186,33
ML_4_R_Shape,19.518567,-99.09841,34
ML_4_R_Shape,19.519427,-99.097723,35
ML_4_R_Shape,19.519981,-99.097141,36
ML_4_R_Shape,19.520346,-99.096402,37
ML_4_R_Shape,19.520451,-99.096001,38
ML_4_R_Shape,19.520486,-99.095621,39
ML_4_R_Shape,19.520512,-99.094547,40
ML_4_R_Shape,19.520599,-99.093677,41
ML_4_R_Shape,19.520792,-99.093171,42
ML_4_R_Shape,19.521369,-99.092195,43
ML_4_R_Shape,19.521688,-99.091625,44
ML_4_R_Shape,19.521786,-99.091227,45
ML_4_R_Shape,19.522451,-99.090103,46
ML_4_R_Shape,19.52326,-99.08918,47
ML_4_R_Shape,19.523548,-99.088842,48
ML_4_R_Shape,19.523856,-99.088612,49
ML_4_R_Shape,19.524278,-99.088333,50
ML_4_R_Shape,19.524723,-99.087902,51
ML_4_R_Shape,19.524958,-99.087492,52
ML_4_R_Shape,19.525068,-99.087248,53
ML_4_R_Shape,19.525112,-99.087057,54
ML_4_R_Shape,19.52512,-99.086647,55
ML_4_R_Shape,19.525153,-99.085997,56
ML_4_R_Shape,19.525208,-99.08564,57
ML_4_R_Shape,19.525339,-99.085331,58
ML_4_R_Shape,19.527042,-99.082268,59
ML_4_R_Shape,19.532037,-99.073151,60
ML_4_R_Shape,19.53232,-99.072508,61
ML_4_R_Shape,19.532593,-99.071817,62
ML_4_R_Shape,19.53274,-99.071261,63
ML_4_R_Shape,19.533233,-99.068406,64
ML_4_R_Shape,19.533442,-99.067712,65
ML_4_R_Shape,19.53369,-99.067141,66
ML_4_R_Shape,19.534696,-99.065459,67
ML_4_R_Shape,19.537679,-99.060427,68
ML_4_R_Shape,19.538255,-99.059708,69
ML_4_R_Shape,19.542054,-99.056557,70
ML_4_R_Shape,19.54573,-99.053487,71
ML_4_R_Shape,19.546364,-99.053153,72
ML_4_R_Shape,19.548314,-99.052649,73
ML_4_R_Shape,19.552157,-99.051708,74
ML_4_R_Shape,19.553974,-99.050989,75
ML_4_R_Shape,19.557111,-99.049441,76
ML_4_R_Shape,19.562179,-99.046823,77
ML_4_R_Shape,19.564201,-99.045975,78
ML_4_R_Shape,19.566031,-99.045128,79
ML_4_R_Shape,19.56873,-99.043969,80
ML_4_R_Shape,19.569839,-99.043545,81
ML_4_R_Shape,19.571115,-99.043266,82
ML_4_R_Shape,19.581669,-99.041812,83
ML_4_R_Shape,19.587613,-99.040997,84
ML_4_R_Shape,19.588179,-99.040868,85
ML_4_R_Shape,19.591322,-99.039484,86
ML_4_R_Shape,19.595184,-99.037703,87
ML_4_R_Shape,19.597976,-99.03641,88
ML_4_R_Shape,19.598711,-99.036099,89
ML_4_R_Shape,19.601773,-99.034339,90
ML_4_R_Shape,19.604634,-99.032714,91
ML_4_R_Shape,19.60524,-99.032156,92
ML_4_R_Shape,19.605581,-99.031866,93
ML_4_R_Shape,19.605684,-99.03177,94
ML_4_R_Shape,19.606458,-99.030421,95
ML_4_R_Shape,19.60953,-99.024924,96
ML_4_R_Shape,19.612309,-99.019813,97
ML_4_R_Shape,19.613272,-99.018038,98
ML_4_R_Shape,19.614244,-99.016419,99
ML_4_R_Shape,19.614313,-99.016191,100
ML_4_R_Shape,19.614436,-99.015827,101
ML_4_R_Shape,19.617784,-99.010234,102
ML_4_R_Shape,19.617895,-99.009969,103
ML_4_R_Shape,19.617935,-99.00973,104
ML_4_R_Shape,19.617294,-99.009272,105
ML_4_R_Shape,19.616999,-99.008461,106
ML_4_R_Shape,19.616893,-99.008108,107
ML_4_R_Shape,19.616314,-99.007558,108
ML_4_R_Shape,19.616152,-99.007466,109
ML_4_R_Shape,19.616091,-99.00747,110
ML_4_R_Shape,19.616051,-99.007544,111
ML_4_R_Shape,19.616127,-99.007683,112
ML_4_R_Shape,19.616723,-99.008216,113
ML_4_R_Shape,19.616806,-99.00852,114
ML_4_R_Shape,19.6169,-99.008845,115
ML_4_R_Shape,19.617034,-99.009038,116
ML_4_R_Shape,19.617294,-99.009272,117
ML_4_R_Shape,19.617935,-99.00973,118
ML_4_R_Shape,19.618024,-99.009694,119
ML_4_R_Shape,19.618097,-99.00962,120
ML_4_R_Shape,19.620512,-99.005664,121
ML_4_R_Shape,19.620967,-99.00521,122
ML_4_R_Shape,19.621397,-99.004918,123
ML_4_R_Shape,19.623244,-99.004119,124
ML_4_R_Shape,19.627437,-99.002628,125
ML_4_R_Shape,19.629322,-99.002252,126
ML_4_R_Shape,19.629519,-99.003126,127
ML_4_R_Shape,19.629696,-99.004704,128
ML_4_R_Shape,19.629812,-99.00583,129
ML_4_R_Shape,19.629898,-99.00612,130
ML_4_R_Shape,19.63003,-99.006817,131
ML_4_R_Shape,19.630146,-99.007659,132
ML_4_R_Shape,19.630434,-99.009344,133
ML_4_R_Shape,19.630717,-99.012128,134
ML_4_R_Shape,19.630984,-99.014574,135
ML_4_R_Shape,19.631237,-99.01628,136
ML_4_R_Shape,19.632051,-99.021666,137
ML_4_R_Shape,19.632677,-99.025931,138
ML_4_R_Shape,19.633345,-99.030335,139
ML_4_R_Shape,19.634706,-99.039327,140
ML_4_R_Shape,19.635965,-99.047772,141
ML_4_R_Shape,19.636202,-99.047984,142
ML_4_R_Shape,19.637026,-99.048405,143
ML_4_R_Shape,19.637154,-99.048352,144
ML_4_R_Shape,19.637152,-99.048182,145
ML_4_R_Shape,19.635914,-99.047343,146
